%YAML:1.0
---
K: !!opencv-matrix
   rows: 3
   cols: 3
   dt: d
   data: [ 16380., 0., 2016., 0., 16380., 1512., 0., 0., 1. ]
